=== Sorting Algorithm Results ===

=== Test: original size=6 ===
Input: [38, 27, 43, 3, 9, 82]

-- Quick Sort (pivot=first, ascending) --
Result quick_sort (first, asc): [3, 9, 27, 38, 43, 82]

-- Quick Sort (pivot=random, descending) --
Result quick_sort (random, asc): [82, 43, 38, 27, 9, 3]

-- Merge Sort (ascending) --
Result merge_sort (asc): [3, 9, 27, 38, 43, 82]

-- Merge Sort (descending) --
Result merge_sort (desc): [82, 43, 38, 27, 9, 3]

=== Test: 10_unique_0_100 size=10 ===
Input: [26, 86, 2, 55, 75, 94, 16, 73, 54, 96]

-- Quick Sort (pivot=first, ascending) --
Result quick_sort (first, asc): [2, 16, 26, 54, 55, 73, 75, 86, 94, 96]

-- Quick Sort (pivot=random, descending) --
Result quick_sort (random, asc): [96, 94, 86, 75, 73, 55, 54, 26, 16, 2]

-- Merge Sort (ascending) --
Result merge_sort (asc): [2, 16, 26, 54, 55, 73, 75, 86, 94, 96]

-- Merge Sort (descending) --
Result merge_sort (desc): [96, 94, 86, 75, 73, 55, 54, 26, 16, 2]

=== Test: 20_repeat_0_100 size=20 ===
Input: [34, 48, 93, 3, 98, 42, 77, 21, 73, 0, 10, 43, 58, 23, 59, 2, 98, 62, 35, 94]

-- Quick Sort (pivot=first, ascending) --
Result quick_sort (first, asc): [0, 2, 3, 10, 21, 23, 34, 35, 42, 43, 48, 58, 59, 62, 73, 77, 93, 94, 98, 98]

-- Quick Sort (pivot=random, descending) --
Result quick_sort (random, asc): [98, 98, 94, 93, 77, 73, 62, 59, 58, 48, 43, 42, 35, 34, 23, 21, 10, 3, 2, 0]

-- Merge Sort (ascending) --
Result merge_sort (asc): [0, 2, 3, 10, 21, 23, 34, 35, 42, 43, 48, 58, 59, 62, 73, 77, 93, 94, 98, 98]

-- Merge Sort (descending) --
Result merge_sort (desc): [98, 98, 94, 93, 77, 73, 62, 59, 58, 48, 43, 42, 35, 34, 23, 21, 10, 3, 2, 0]

=== Test: 30_repeat_-100_100 size=30 ===
Input: [23, 95, -18, 74, 48, -50, 55, -86, -59, -42, 93, -64, -90, -14, -57, 4, -89, -98, -49, -20, -68, 82, 28, -62, -81, 74, -58, 15, 84, 88]

-- Quick Sort (pivot=first, ascending) --
Result quick_sort (first, asc): [-98, -90, -89, -86, -81, -68, -64, -62, -59, -58, -57, -50, -49, -42, -20, -18, -14, 4, 15, 23, 28, 48, 55, 74, 74, 82, 84, 88, 93, 95]

-- Quick Sort (pivot=random, descending) --
Result quick_sort (random, asc): [95, 93, 88, 84, 82, 74, 74, 55, 48, 28, 23, 15, 4, -14, -18, -20, -42, -49, -50, -57, -58, -59, -62, -64, -68, -81, -86, -89, -90, -98]

-- Merge Sort (ascending) --
Result merge_sort (asc): [-98, -90, -89, -86, -81, -68, -64, -62, -59, -58, -57, -50, -49, -42, -20, -18, -14, 4, 15, 23, 28, 48, 55, 74, 74, 82, 84, 88, 93, 95]

-- Merge Sort (descending) --
Result merge_sort (desc): [95, 93, 88, 84, 82, 74, 74, 55, 48, 28, 23, 15, 4, -14, -18, -20, -42, -49, -50, -57, -58, -59, -62, -64, -68, -81, -86, -89, -90, -98]

=== Test: 50_repeat_-1000_1000 size=50 ===
Input: [-512, 613, -714, 304, -363, -230, 539, -906, 250, 899, 293, 904, -704, 352, 43, -393, 864, 434, -550, 272, -820, -677, 4, 853, 806, 888, 284, 987, -251, -861, 20, -402, 485, -111, 645, -157, -304, 552, 176, -75, -851, 134, -975, 488, -44, 913, -114, 141, 469, 619]

-- Quick Sort (pivot=first, ascending) --
Result quick_sort (first, asc): [-975, -906, -861, -851, -820, -714, -704, -677, -550, -512, -402, -393, -363, -304, -251, -230, -157, -114, -111, -75, -44, 4, 20, 43, 134, 141, 176, 250, 272, 284, 293, 304, 352, 434, 469, 485, 488, 539, 552, 613, 619, 645, 806, 853, 864, 888, 899, 904, 913, 987]

-- Quick Sort (pivot=random, descending) --
Result quick_sort (random, asc): [987, 913, 904, 899, 888, 864, 853, 806, 645, 619, 613, 552, 539, 488, 485, 469, 434, 352, 304, 293, 284, 272, 250, 176, 141, 134, 43, 20, 4, -44, -75, -111, -114, -157, -230, -251, -304, -363, -393, -402, -512, -550, -677, -704, -714, -820, -851, -861, -906, -975]

-- Merge Sort (ascending) --
Result merge_sort (asc): [-975, -906, -861, -851, -820, -714, -704, -677, -550, -512, -402, -393, -363, -304, -251, -230, -157, -114, -111, -75, -44, 4, 20, 43, 134, 141, 176, 250, 272, 284, 293, 304, 352, 434, 469, 485, 488, 539, 552, 613, 619, 645, 806, 853, 864, 888, 899, 904, 913, 987]

-- Merge Sort (descending) --
Result merge_sort (desc): [987, 913, 904, 899, 888, 864, 853, 806, 645, 619, 613, 552, 539, 488, 485, 469, 434, 352, 304, 293, 284, 272, 250, 176, 141, 134, 43, 20, 4, -44, -75, -111, -114, -157, -230, -251, -304, -363, -393, -402, -512, -550, -677, -704, -714, -820, -851, -861, -906, -975]

